 -84   62 -108   65  -98   57   31  -64   46   46 
 -90   12 -105  -64  -57  -51  -49   95   38  -39 
  12  -73   92  -48  -89   94   33   57  -13  -47 
  74  -11  101   52  -79   89  -43   62  -85 -107 
 -22  -88  -29  -41  -43   20   15   14  -15  -77 
  84   84  -63   43  -74  -66   28   46   78  101 
 108   19  -20   99  -82  -12   55  -16  -60   80 
 -37   24   78   63   92  -98  -47  -46   25   45 
 -36  -43   19   30  109   31   50  -16  -53   18 
 -25  -78  -93   62  107  -65  -60   53   25  -11 
