 -32  -14  -25 -105  100  -67  -69   89   79   92 
  79   16  100   61   54  -73   41  -25  105  -36 
 -84   20  -51   48   51 -106   26  -20  -38   44 
 -57   60  -80   48   64  -90   90   81   85   37 
  41   54 -100   31  -38   63   67 -107  -95   40 
 -33  -69  -70   22   65   68   25  -39  -62   96 
-105  -33   23  -99  -95  -43 -103   82  -94   91 
 -34   56   12  -25  -66   61  -94   87   63 -103 
 -26 -103  -86   34   28   88  -51 -100  -83  -27 
 106 -102   69   19  -91   61   63  -85   10   55 
